Time taken: 0.006630236662707283
MSE: 0.027834685519337654
SSIM: 0.33640849590301514
PSNR: 16.82759666442871
Accuracy: 0.9721649289131165
Recall: 0.2710518969746552
Precision: 0.4372995436979942
F1 Score: 0.33466679765511836
