Time taken: 0.027545663145367768
MSE: 0.02484901249408722
SSIM: 0.42245692014694214
PSNR: inf
Accuracy: 0.975151002407074
Recall: 0.4042684193915199
Precision: 0.5204557839975026
F1 Score: 0.45506284713992173
