Time taken: 0.018049335788368794
MSE: 0.026213908568024635
SSIM: 0.45896074175834656
PSNR: inf
Accuracy: 0.9737861156463623
Recall: 0.45138573550542105
Precision: 0.48842012341834257
F1 Score: 0.4691731831479505
