Time taken (Realtime): 0.043293496551637126
MSE: 0.041442081332206726
SSIM: 0.5394548177719116
PSNR: 14.903281211853027
Accuracy: 0.9585579633712769
Recall: 0.6142414050529788
Precision: 0.3332400811709967
F1 Score: 0.43207141680546607
